7.25    3.00    22.00   0.00    3.00    0.00    -1.00   1.00   
71.28   1.00    38.00   0.00    1.00    1.00    1.00    1.00   
7.92    3.00    26.00   0.00    3.00    1.00    1.00    0.00   
53.10   3.00    35.00   0.00    1.00    1.00    1.00    1.00   
8.05    3.00    35.00   0.00    3.00    0.00    -1.00   0.00   
8.46    2.00    0.00    0.00    3.00    0.00    -1.00   0.00   
51.86   3.00    54.00   0.00    1.00    0.00    -1.00   0.00   
21.07   3.00    2.00    1.00    3.00    0.00    -1.00   3.00   
11.13   3.00    27.00   2.00    3.00    1.00    1.00    0.00   
30.07   1.00    14.00   0.00    2.00    1.00    1.00    1.00   
16.70   3.00    4.00    1.00    3.00    1.00    1.00    1.00   
26.55   3.00    58.00   0.00    1.00    1.00    1.00    0.00   
8.05    3.00    20.00   0.00    3.00    0.00    -1.00   0.00   
31.27   3.00    39.00   5.00    3.00    0.00    -1.00   1.00   
7.85    3.00    14.00   0.00    3.00    1.00    -1.00   0.00   
16.00   3.00    55.00   0.00    2.00    1.00    1.00    0.00   
29.12   2.00    2.00    1.00    3.00    0.00    -1.00   4.00   
13.00   3.00    0.00    0.00    2.00    0.00    1.00    0.00   
18.00   3.00    31.00   0.00    3.00    1.00    -1.00   1.00   
7.22    1.00    0.00    0.00    3.00    1.00    1.00    0.00   
26.00   3.00    35.00   0.00    2.00    0.00    -1.00   0.00   
13.00   3.00    34.00   0.00    2.00    0.00    1.00    0.00   
8.03    2.00    15.00   0.00    3.00    1.00    1.00    0.00   
35.50   3.00    28.00   0.00    1.00    0.00    1.00    0.00   
21.07   3.00    8.00    1.00    3.00    1.00    -1.00   3.00   
31.39   3.00    38.00   5.00    3.00    1.00    1.00    1.00   
7.22    1.00    0.00    0.00    3.00    0.00    -1.00   0.00   
263.00  3.00    19.00   2.00    1.00    0.00    -1.00   3.00   
7.88    2.00    0.00    0.00    3.00    1.00    1.00    0.00   
7.90    3.00    0.00    0.00    3.00    0.00    -1.00   0.00   
27.72   1.00    40.00   0.00    1.00    0.00    -1.00   0.00   
146.52  1.00    0.00    0.00    1.00    1.00    1.00    1.00   
7.75    2.00    0.00    0.00    3.00    1.00    1.00    0.00   
10.50   3.00    66.00   0.00    2.00    0.00    -1.00   0.00   
82.17   1.00    28.00   0.00    1.00    0.00    -1.00   1.00   
52.00   3.00    42.00   0.00    1.00    0.00    -1.00   1.00   
7.23    1.00    0.00    0.00    3.00    0.00    1.00    0.00   
8.05    3.00    21.00   0.00    3.00    0.00    -1.00   0.00   
18.00   3.00    18.00   0.00    3.00    1.00    -1.00   2.00   
11.24   1.00    14.00   0.00    3.00    1.00    1.00    1.00   
9.47    3.00    40.00   0.00    3.00    1.00    -1.00   1.00   
21.00   3.00    27.00   0.00    2.00    1.00    -1.00   1.00   
7.90    1.00    0.00    0.00    3.00    0.00    -1.00   0.00   
41.58   1.00    3.00    2.00    2.00    1.00    1.00    1.00   
7.88    2.00    19.00   0.00    3.00    1.00    1.00    0.00   
8.05    3.00    0.00    0.00    3.00    0.00    -1.00   0.00   
15.50   2.00    0.00    0.00    3.00    0.00    -1.00   1.00   
7.75    2.00    0.00    0.00    3.00    1.00    1.00    0.00   
21.68   1.00    0.00    0.00    3.00    0.00    -1.00   2.00   
17.80   3.00    18.00   0.00    3.00    1.00    -1.00   1.00   
39.69   3.00    7.00    1.00    3.00    0.00    -1.00   4.00   
7.80    3.00    21.00   0.00    3.00    0.00    -1.00   0.00   
76.73   1.00    49.00   0.00    1.00    1.00    1.00    1.00   
26.00   3.00    29.00   0.00    2.00    1.00    1.00    1.00   
61.98   1.00    65.00   1.00    1.00    0.00    -1.00   0.00   
35.50   3.00    0.00    0.00    1.00    0.00    1.00    0.00   
10.50   3.00    21.00   0.00    2.00    1.00    1.00    0.00   
7.23    1.00    28.50   0.00    3.00    0.00    -1.00   0.00   
27.75   3.00    5.00    2.00    2.00    1.00    1.00    1.00   
46.90   3.00    11.00   2.00    3.00    0.00    -1.00   5.00   
7.23    1.00    22.00   0.00    3.00    0.00    -1.00   0.00   
83.47   3.00    45.00   0.00    1.00    0.00    -1.00   1.00   
27.90   3.00    4.00    2.00    3.00    0.00    -1.00   3.00   
27.72   1.00    0.00    0.00    1.00    0.00    -1.00   0.00   
15.25   1.00    0.00    1.00    3.00    0.00    1.00    1.00   
10.50   3.00    29.00   0.00    2.00    1.00    1.00    0.00   
8.16    3.00    19.00   0.00    3.00    0.00    -1.00   0.00   
7.92    3.00    17.00   2.00    3.00    1.00    1.00    4.00   
8.66    3.00    26.00   0.00    3.00    0.00    -1.00   2.00   
10.50   3.00    32.00   0.00    2.00    0.00    -1.00   0.00   
46.90   3.00    16.00   2.00    3.00    1.00    -1.00   5.00   
73.50   3.00    21.00   0.00    2.00    0.00    -1.00   0.00   
14.45   1.00    26.00   0.00    3.00    0.00    -1.00   1.00   
56.50   3.00    32.00   0.00    3.00    0.00    1.00    0.00   
7.65    3.00    25.00   0.00    3.00    0.00    -1.00   0.00   
7.90    3.00    0.00    0.00    3.00    0.00    -1.00   0.00   
8.05    3.00    0.00    0.00    3.00    0.00    -1.00   0.00   
29.00   3.00    0.83    2.00    2.00    0.00    1.00    0.00   
12.47   3.00    30.00   0.00    3.00    1.00    1.00    0.00   
9.00    3.00    22.00   0.00    3.00    0.00    -1.00   0.00   
9.50    3.00    29.00   0.00    3.00    0.00    1.00    0.00   
7.79    2.00    0.00    0.00    3.00    1.00    1.00    0.00   
47.10   3.00    28.00   0.00    1.00    0.00    -1.00   0.00   
10.50   3.00    17.00   0.00    2.00    1.00    1.00    0.00   
15.85   3.00    33.00   0.00    3.00    1.00    1.00    3.00   
34.38   3.00    16.00   3.00    3.00    0.00    -1.00   1.00   
8.05    3.00    0.00    0.00    3.00    0.00    -1.00   0.00   
263.00  3.00    23.00   2.00    1.00    1.00    1.00    3.00   
8.05    3.00    24.00   0.00    3.00    0.00    -1.00   0.00   
8.05    3.00    29.00   0.00    3.00    0.00    -1.00   0.00   
7.85    3.00    20.00   0.00    3.00    0.00    -1.00   0.00   
61.17   3.00    46.00   0.00    1.00    0.00    -1.00   1.00   
20.57   3.00    26.00   2.00    3.00    0.00    -1.00   1.00   
7.25    3.00    59.00   0.00    3.00    0.00    -1.00   0.00   
8.05    3.00    0.00    0.00    3.00    0.00    -1.00   0.00   
34.65   1.00    71.00   0.00    1.00    0.00    -1.00   0.00   
63.36   1.00    23.00   1.00    1.00    0.00    1.00    0.00   
23.00   3.00    34.00   1.00    2.00    1.00    1.00    0.00   
26.00   3.00    34.00   0.00    2.00    0.00    -1.00   1.00   
7.90    3.00    28.00   0.00    3.00    1.00    -1.00   0.00   
7.90    3.00    0.00    0.00    3.00    0.00    -1.00   0.00   
77.29   3.00    21.00   1.00    1.00    0.00    -1.00   0.00   
8.65    3.00    33.00   0.00    3.00    0.00    -1.00   0.00   
7.92    3.00    37.00   0.00    3.00    0.00    -1.00   2.00   
7.90    3.00    28.00   0.00    3.00    0.00    -1.00   0.00   
7.65    3.00    21.00   0.00    3.00    1.00    1.00    0.00   
7.78    3.00    0.00    0.00    3.00    0.00    1.00    0.00   
7.90    3.00    38.00   0.00    3.00    0.00    -1.00   0.00   
24.15   2.00    0.00    0.00    3.00    1.00    1.00    1.00   
52.00   3.00    47.00   0.00    1.00    0.00    -1.00   0.00   
14.45   1.00    14.50   0.00    3.00    1.00    -1.00   1.00   
8.05    3.00    22.00   0.00    3.00    0.00    -1.00   0.00   
9.82    3.00    20.00   0.00    3.00    1.00    -1.00   1.00   
14.46   1.00    17.00   0.00    3.00    1.00    -1.00   0.00   
7.92    3.00    21.00   0.00    3.00    0.00    -1.00   0.00   
7.75    2.00    70.50   0.00    3.00    0.00    -1.00   0.00   
21.00   3.00    29.00   0.00    2.00    0.00    -1.00   1.00   
247.52  1.00    24.00   1.00    1.00    0.00    -1.00   0.00   
31.27   3.00    2.00    2.00    3.00    1.00    -1.00   4.00   
73.50   3.00    21.00   0.00    2.00    0.00    -1.00   2.00   
8.05    3.00    0.00    0.00    3.00    0.00    -1.00   0.00   
30.07   1.00    32.50   0.00    2.00    0.00    -1.00   1.00   
13.00   3.00    32.50   0.00    2.00    1.00    1.00    0.00   
77.29   3.00    54.00   1.00    1.00    0.00    -1.00   0.00   
11.24   1.00    12.00   0.00    3.00    0.00    1.00    1.00   
7.75    2.00    0.00    0.00    3.00    0.00    -1.00   0.00   
7.14    3.00    24.00   0.00    3.00    0.00    1.00    0.00   
22.36   1.00    0.00    1.00    3.00    1.00    1.00    1.00   
6.97    3.00    45.00   0.00    3.00    0.00    -1.00   0.00   
7.90    1.00    33.00   0.00    3.00    0.00    -1.00   0.00   
7.05    3.00    20.00   0.00    3.00    0.00    -1.00   0.00   
14.50   3.00    47.00   0.00    3.00    1.00    -1.00   1.00   
26.00   3.00    29.00   0.00    2.00    1.00    1.00    1.00   
13.00   3.00    25.00   0.00    2.00    0.00    -1.00   0.00   
15.05   1.00    23.00   0.00    2.00    0.00    -1.00   0.00   
26.28   3.00    19.00   2.00    1.00    1.00    1.00    0.00   
53.10   3.00    37.00   0.00    1.00    0.00    -1.00   1.00   
9.22    3.00    16.00   0.00    3.00    0.00    -1.00   0.00   
79.20   1.00    24.00   0.00    1.00    0.00    -1.00   0.00   
15.25   1.00    0.00    2.00    3.00    1.00    -1.00   0.00   
7.75    3.00    22.00   0.00    3.00    1.00    1.00    0.00   
15.85   3.00    24.00   0.00    3.00    1.00    1.00    1.00   
6.75    2.00    19.00   0.00    3.00    0.00    -1.00   0.00   
11.50   3.00    18.00   0.00    2.00    0.00    -1.00   0.00   
36.75   3.00    19.00   1.00    2.00    0.00    -1.00   1.00   
7.80    3.00    27.00   0.00    3.00    0.00    1.00    0.00   
34.38   3.00    9.00    2.00    3.00    1.00    -1.00   2.00   
26.00   3.00    36.50   2.00    2.00    0.00    -1.00   0.00   
13.00   3.00    42.00   0.00    2.00    0.00    -1.00   0.00   
12.53   3.00    51.00   0.00    2.00    0.00    -1.00   0.00   
66.60   3.00    22.00   0.00    1.00    1.00    1.00    1.00   
8.05    3.00    55.50   0.00    3.00    0.00    -1.00   0.00   
14.50   3.00    40.50   2.00    3.00    0.00    -1.00   0.00   
7.31    3.00    0.00    0.00    3.00    0.00    -1.00   0.00   
61.38   1.00    51.00   1.00    1.00    0.00    -1.00   0.00   
7.73    2.00    16.00   0.00    3.00    1.00    1.00    0.00   
8.05    3.00    30.00   0.00    3.00    0.00    -1.00   0.00   
8.66    3.00    0.00    0.00    3.00    0.00    -1.00   0.00   
69.55   3.00    0.00    2.00    3.00    0.00    -1.00   8.00   
16.10   3.00    44.00   1.00    3.00    0.00    -1.00   0.00   
15.75   3.00    40.00   0.00    2.00    1.00    1.00    0.00   
7.78    3.00    26.00   0.00    3.00    0.00    -1.00   0.00   
8.66    3.00    17.00   0.00    3.00    0.00    -1.00   0.00   
39.69   3.00    1.00    1.00    3.00    0.00    -1.00   4.00   
20.52   3.00    9.00    2.00    3.00    0.00    1.00    0.00   
55.00   3.00    0.00    1.00    1.00    1.00    1.00    0.00   
27.90   3.00    45.00   4.00    3.00    1.00    -1.00   1.00   
25.93   3.00    0.00    0.00    1.00    0.00    -1.00   0.00   
56.50   3.00    28.00   0.00    3.00    0.00    -1.00   0.00   
33.50   3.00    61.00   0.00    1.00    0.00    -1.00   0.00   
29.12   2.00    4.00    1.00    3.00    0.00    -1.00   4.00   
11.13   3.00    1.00    1.00    3.00    1.00    1.00    1.00   
7.92    3.00    21.00   0.00    3.00    0.00    -1.00   0.00   
30.70   1.00    56.00   0.00    1.00    0.00    -1.00   0.00   
7.85    3.00    18.00   1.00    3.00    0.00    -1.00   1.00   
25.47   3.00    0.00    1.00    3.00    0.00    -1.00   3.00   
28.71   1.00    50.00   0.00    1.00    1.00    -1.00   0.00   
13.00   3.00    30.00   0.00    2.00    0.00    -1.00   0.00   
0.00    3.00    36.00   0.00    3.00    0.00    -1.00   0.00   
69.55   3.00    0.00    2.00    3.00    1.00    -1.00   8.00   
15.05   1.00    0.00    0.00    2.00    0.00    -1.00   0.00   
31.39   3.00    9.00    2.00    3.00    0.00    -1.00   4.00   
39.00   3.00    1.00    1.00    2.00    0.00    1.00    2.00   
22.02   3.00    4.00    2.00    3.00    1.00    1.00    0.00   
50.00   3.00    0.00    0.00    1.00    0.00    -1.00   0.00   
15.50   2.00    0.00    0.00    3.00    1.00    1.00    1.00   
26.55   3.00    45.00   0.00    1.00    0.00    1.00    0.00   
15.50   2.00    40.00   1.00    3.00    0.00    -1.00   1.00   
7.90    3.00    36.00   0.00    3.00    0.00    -1.00   0.00   
13.00   3.00    32.00   0.00    2.00    1.00    1.00    0.00   
13.00   3.00    19.00   0.00    2.00    0.00    -1.00   0.00   
7.85    3.00    19.00   0.00    3.00    1.00    1.00    1.00   
26.00   3.00    3.00    1.00    2.00    0.00    1.00    1.00   
27.72   1.00    44.00   0.00    1.00    1.00    1.00    0.00   
146.52  1.00    58.00   0.00    1.00    1.00    1.00    0.00   
7.75    2.00    0.00    0.00    3.00    0.00    -1.00   0.00   
8.40    3.00    42.00   1.00    3.00    0.00    -1.00   0.00   
7.75    2.00    0.00    0.00    3.00    1.00    1.00    0.00   
13.00   3.00    24.00   0.00    2.00    1.00    -1.00   0.00   
9.50    3.00    28.00   0.00    3.00    0.00    -1.00   0.00   
69.55   3.00    0.00    2.00    3.00    0.00    -1.00   8.00   
6.50    3.00    34.00   0.00    3.00    0.00    -1.00   0.00   
7.22    1.00    45.50   0.00    3.00    0.00    -1.00   0.00   
8.05    3.00    18.00   0.00    3.00    0.00    1.00    0.00   
10.46   3.00    2.00    1.00    3.00    1.00    -1.00   0.00   
15.85   3.00    32.00   0.00    3.00    0.00    -1.00   1.00   
18.79   1.00    26.00   0.00    3.00    0.00    1.00    0.00   
7.75    2.00    16.00   0.00    3.00    1.00    1.00    0.00   
31.00   1.00    40.00   0.00    1.00    0.00    1.00    0.00   
7.05    3.00    24.00   0.00    3.00    0.00    -1.00   0.00   
21.00   3.00    35.00   0.00    2.00    1.00    1.00    0.00   
7.25    3.00    22.00   0.00    3.00    0.00    -1.00   0.00   
13.00   3.00    30.00   0.00    2.00    0.00    -1.00   0.00   
7.75    2.00    0.00    0.00    3.00    0.00    -1.00   1.00   
113.28  1.00    31.00   0.00    1.00    1.00    1.00    1.00   
7.92    3.00    27.00   0.00    3.00    1.00    1.00    0.00   
27.00   3.00    42.00   0.00    2.00    0.00    -1.00   1.00   
76.29   1.00    32.00   0.00    1.00    1.00    1.00    0.00   
10.50   3.00    30.00   0.00    2.00    0.00    -1.00   0.00   
8.05    3.00    16.00   0.00    3.00    0.00    1.00    0.00   
13.00   3.00    27.00   0.00    2.00    0.00    -1.00   0.00   
8.05    3.00    51.00   0.00    3.00    0.00    -1.00   0.00   
7.90    3.00    0.00    0.00    3.00    0.00    -1.00   0.00   
90.00   3.00    38.00   0.00    1.00    0.00    1.00    1.00   
9.35    3.00    22.00   0.00    3.00    0.00    -1.00   0.00   
10.50   3.00    19.00   0.00    2.00    0.00    1.00    0.00   
7.25    3.00    20.50   0.00    3.00    0.00    -1.00   0.00   
13.00   3.00    18.00   0.00    2.00    0.00    -1.00   0.00   
25.47   3.00    0.00    1.00    3.00    1.00    -1.00   3.00   
83.47   3.00    35.00   0.00    1.00    1.00    1.00    1.00   
7.78    3.00    29.00   0.00    3.00    0.00    -1.00   0.00   
13.50   3.00    59.00   0.00    2.00    0.00    -1.00   0.00   
31.39   3.00    5.00    2.00    3.00    1.00    1.00    4.00   
10.50   3.00    24.00   0.00    2.00    0.00    -1.00   0.00   
7.55    3.00    0.00    0.00    3.00    1.00    -1.00   0.00   
26.00   3.00    44.00   0.00    2.00    0.00    -1.00   1.00   
26.25   3.00    8.00    2.00    2.00    1.00    1.00    0.00   
10.50   3.00    19.00   0.00    2.00    0.00    -1.00   0.00   
12.28   3.00    33.00   0.00    2.00    0.00    -1.00   0.00   
14.45   1.00    0.00    0.00    3.00    1.00    -1.00   1.00   
15.50   2.00    0.00    0.00    3.00    1.00    1.00    1.00   
10.50   3.00    29.00   0.00    2.00    0.00    -1.00   0.00   
7.12    3.00    22.00   0.00    3.00    0.00    -1.00   0.00   
7.22    1.00    30.00   0.00    3.00    0.00    -1.00   0.00   
90.00   2.00    44.00   0.00    1.00    0.00    -1.00   2.00   
7.78    3.00    25.00   0.00    3.00    1.00    -1.00   0.00   
14.50   3.00    24.00   2.00    2.00    1.00    1.00    0.00   
52.55   3.00    37.00   1.00    1.00    0.00    1.00    1.00   
26.00   3.00    54.00   0.00    2.00    0.00    -1.00   1.00   
7.25    3.00    0.00    0.00    3.00    0.00    -1.00   0.00   
10.46   3.00    29.00   1.00    3.00    1.00    -1.00   1.00   
26.55   3.00    62.00   0.00    1.00    0.00    -1.00   0.00   
16.10   3.00    30.00   0.00    3.00    0.00    -1.00   1.00   
20.21   3.00    41.00   2.00    3.00    1.00    -1.00   0.00   
15.25   1.00    29.00   2.00    3.00    1.00    1.00    0.00   
79.20   1.00    0.00    0.00    1.00    1.00    1.00    0.00   
86.50   3.00    30.00   0.00    1.00    1.00    1.00    0.00   
512.33  1.00    35.00   0.00    1.00    1.00    1.00    0.00   
26.00   3.00    50.00   1.00    2.00    1.00    1.00    0.00   
7.75    2.00    0.00    0.00    3.00    0.00    -1.00   0.00   
31.39   3.00    3.00    2.00    3.00    0.00    1.00    4.00   
79.65   3.00    52.00   1.00    1.00    0.00    -1.00   1.00   
0.00    3.00    40.00   0.00    1.00    0.00    -1.00   0.00   
7.75    2.00    0.00    0.00    3.00    1.00    -1.00   0.00   
10.50   3.00    36.00   0.00    2.00    0.00    -1.00   0.00   
39.69   3.00    16.00   1.00    3.00    0.00    -1.00   4.00   
7.78    3.00    25.00   0.00    3.00    0.00    1.00    1.00   
153.46  3.00    58.00   1.00    1.00    1.00    1.00    0.00   
135.63  3.00    35.00   0.00    1.00    1.00    1.00    0.00   
31.00   3.00    0.00    0.00    1.00    0.00    -1.00   0.00   
0.00    3.00    25.00   0.00    3.00    0.00    1.00    0.00   
19.50   3.00    41.00   1.00    2.00    1.00    1.00    0.00   
29.70   1.00    37.00   1.00    1.00    0.00    -1.00   0.00   
7.75    2.00    0.00    0.00    3.00    1.00    1.00    0.00   
77.96   3.00    63.00   0.00    1.00    1.00    1.00    1.00   
7.75    3.00    45.00   0.00    3.00    1.00    -1.00   0.00   
0.00    3.00    0.00    0.00    2.00    0.00    -1.00   0.00   
29.12   2.00    7.00    1.00    3.00    0.00    -1.00   4.00   
20.25   3.00    35.00   1.00    3.00    1.00    1.00    1.00   
7.75    2.00    65.00   0.00    3.00    0.00    -1.00   0.00   
7.85    3.00    28.00   0.00    3.00    0.00    -1.00   0.00   
9.50    3.00    16.00   0.00    3.00    0.00    -1.00   0.00   
8.05    3.00    19.00   0.00    3.00    0.00    1.00    0.00   
26.00   3.00    0.00    0.00    1.00    0.00    -1.00   0.00   
8.66    1.00    33.00   0.00    3.00    0.00    -1.00   0.00   
9.50    3.00    30.00   0.00    3.00    0.00    1.00    0.00   
7.90    3.00    22.00   0.00    3.00    0.00    -1.00   0.00   
13.00   3.00    42.00   0.00    2.00    0.00    1.00    0.00   
7.75    2.00    22.00   0.00    3.00    1.00    1.00    0.00   
78.85   3.00    26.00   0.00    1.00    1.00    1.00    0.00   
91.08   1.00    19.00   0.00    1.00    1.00    1.00    1.00   
12.88   1.00    36.00   0.00    2.00    0.00    -1.00   0.00   
8.85    3.00    24.00   0.00    3.00    1.00    -1.00   0.00   
7.90    3.00    24.00   0.00    3.00    0.00    -1.00   0.00   
27.72   1.00    0.00    0.00    1.00    0.00    -1.00   0.00   
7.23    1.00    23.50   0.00    3.00    0.00    -1.00   0.00   
151.55  3.00    2.00    2.00    1.00    1.00    -1.00   1.00   
30.50   3.00    0.00    0.00    1.00    0.00    1.00    0.00   
247.52  1.00    50.00   1.00    1.00    1.00    1.00    0.00   
7.75    2.00    0.00    0.00    3.00    1.00    1.00    0.00   
23.25   2.00    0.00    0.00    3.00    0.00    1.00    2.00   
0.00    3.00    19.00   0.00    3.00    0.00    -1.00   0.00   
12.35   2.00    0.00    0.00    2.00    1.00    1.00    0.00   
8.05    3.00    0.00    0.00    3.00    0.00    -1.00   0.00   
151.55  3.00    0.92    2.00    1.00    0.00    1.00    1.00   
110.88  1.00    0.00    0.00    1.00    1.00    1.00    0.00   
108.90  1.00    17.00   0.00    1.00    1.00    1.00    1.00   
24.00   1.00    30.00   0.00    2.00    0.00    -1.00   1.00   
56.93   1.00    30.00   0.00    1.00    1.00    1.00    0.00   
83.16   1.00    24.00   0.00    1.00    1.00    1.00    0.00   
262.38  1.00    18.00   2.00    1.00    1.00    1.00    2.00   
26.00   3.00    26.00   1.00    2.00    1.00    -1.00   1.00   
7.90    3.00    28.00   0.00    3.00    0.00    -1.00   0.00   
26.25   3.00    43.00   1.00    2.00    0.00    -1.00   1.00   
7.85    3.00    26.00   0.00    3.00    1.00    1.00    0.00   
26.00   3.00    24.00   0.00    2.00    1.00    1.00    1.00   
14.00   3.00    54.00   0.00    2.00    0.00    -1.00   0.00   
164.87  3.00    31.00   2.00    1.00    1.00    1.00    0.00   
134.50  1.00    40.00   1.00    1.00    1.00    1.00    1.00   
7.25    3.00    22.00   0.00    3.00    0.00    -1.00   0.00   
7.90    3.00    27.00   0.00    3.00    0.00    -1.00   0.00   
12.35   2.00    30.00   0.00    2.00    1.00    1.00    0.00   
29.00   3.00    22.00   1.00    2.00    1.00    1.00    1.00   
69.55   3.00    0.00    2.00    3.00    0.00    -1.00   8.00   
135.63  1.00    36.00   0.00    1.00    1.00    1.00    0.00   
6.24    3.00    61.00   0.00    3.00    0.00    -1.00   0.00   
13.00   3.00    36.00   0.00    2.00    1.00    1.00    0.00   
20.52   3.00    31.00   1.00    3.00    1.00    1.00    1.00   
57.98   1.00    16.00   1.00    1.00    1.00    1.00    0.00   
23.25   2.00    0.00    0.00    3.00    1.00    1.00    2.00   
28.50   3.00    45.50   0.00    1.00    0.00    -1.00   0.00   
153.46  3.00    38.00   1.00    1.00    0.00    -1.00   0.00   
18.00   3.00    16.00   0.00    3.00    0.00    -1.00   2.00   
133.65  3.00    0.00    0.00    1.00    1.00    1.00    1.00   
7.90    3.00    0.00    0.00    3.00    0.00    -1.00   0.00   
66.60   3.00    29.00   0.00    1.00    0.00    -1.00   1.00   
134.50  1.00    41.00   0.00    1.00    1.00    1.00    0.00   
8.05    3.00    45.00   0.00    3.00    0.00    1.00    0.00   
35.50   3.00    45.00   0.00    1.00    0.00    -1.00   0.00   
26.00   3.00    2.00    1.00    2.00    0.00    1.00    1.00   
263.00  3.00    24.00   2.00    1.00    1.00    1.00    3.00   
13.00   3.00    28.00   0.00    2.00    0.00    -1.00   0.00   
13.00   3.00    25.00   0.00    2.00    0.00    -1.00   0.00   
13.00   3.00    36.00   0.00    2.00    0.00    -1.00   0.00   
13.00   3.00    24.00   0.00    2.00    1.00    1.00    0.00   
13.00   3.00    40.00   0.00    2.00    1.00    1.00    0.00   
16.10   3.00    0.00    0.00    3.00    1.00    1.00    1.00   
15.90   3.00    3.00    1.00    3.00    0.00    1.00    1.00   
8.66    3.00    42.00   0.00    3.00    0.00    -1.00   0.00   
9.22    3.00    23.00   0.00    3.00    0.00    -1.00   0.00   
35.00   3.00    0.00    0.00    1.00    0.00    -1.00   0.00   
7.23    1.00    15.00   1.00    3.00    0.00    -1.00   1.00   
17.80   3.00    25.00   0.00    3.00    0.00    -1.00   1.00   
7.22    1.00    0.00    0.00    3.00    0.00    -1.00   0.00   
9.50    3.00    28.00   0.00    3.00    0.00    -1.00   0.00   
55.00   3.00    22.00   1.00    1.00    1.00    1.00    0.00   
13.00   3.00    38.00   0.00    2.00    1.00    -1.00   0.00   
7.88    2.00    0.00    0.00    3.00    1.00    1.00    0.00   
7.88    2.00    0.00    0.00    3.00    1.00    1.00    0.00   
27.90   3.00    40.00   4.00    3.00    0.00    -1.00   1.00   
27.72   1.00    29.00   0.00    2.00    0.00    -1.00   1.00   
14.45   1.00    45.00   1.00    3.00    1.00    -1.00   0.00   
7.05    3.00    35.00   0.00    3.00    0.00    -1.00   0.00   
15.50   2.00    0.00    0.00    3.00    0.00    -1.00   1.00   
7.25    3.00    30.00   0.00    3.00    0.00    -1.00   0.00   
75.25   1.00    60.00   0.00    1.00    1.00    1.00    1.00   
7.23    1.00    0.00    0.00    3.00    1.00    1.00    0.00   
7.75    2.00    0.00    0.00    3.00    1.00    1.00    0.00   
69.30   1.00    24.00   0.00    1.00    1.00    1.00    0.00   
55.44   1.00    25.00   0.00    1.00    0.00    1.00    1.00   
6.50    3.00    18.00   0.00    3.00    0.00    -1.00   1.00   
8.05    3.00    19.00   0.00    3.00    0.00    -1.00   0.00   
135.63  1.00    22.00   0.00    1.00    0.00    -1.00   0.00   
21.07   3.00    3.00    1.00    3.00    1.00    -1.00   3.00   
82.17   1.00    0.00    0.00    1.00    1.00    1.00    1.00   
7.25    3.00    22.00   0.00    3.00    1.00    1.00    0.00   
211.50  1.00    27.00   2.00    1.00    0.00    -1.00   0.00   
4.01    1.00    20.00   0.00    3.00    0.00    -1.00   0.00   
7.78    3.00    19.00   0.00    3.00    0.00    -1.00   0.00   
227.53  1.00    42.00   0.00    1.00    1.00    1.00    0.00   
15.74   1.00    1.00    2.00    3.00    1.00    1.00    0.00   
7.92    3.00    32.00   0.00    3.00    0.00    -1.00   0.00   
52.00   3.00    35.00   0.00    1.00    1.00    1.00    1.00   
7.90    3.00    0.00    0.00    3.00    0.00    -1.00   0.00   
73.50   3.00    18.00   0.00    2.00    0.00    -1.00   0.00   
46.90   3.00    1.00    2.00    3.00    0.00    -1.00   5.00   
13.00   3.00    36.00   0.00    2.00    1.00    1.00    0.00   
7.73    2.00    0.00    0.00    3.00    0.00    -1.00   0.00   
12.00   1.00    17.00   0.00    2.00    1.00    1.00    0.00   
120.00  3.00    36.00   2.00    1.00    0.00    1.00    1.00   
7.80    3.00    21.00   0.00    3.00    0.00    1.00    0.00   
7.92    3.00    28.00   0.00    3.00    0.00    -1.00   2.00   
113.28  1.00    23.00   0.00    1.00    1.00    1.00    1.00   
16.70   3.00    24.00   2.00    3.00    1.00    1.00    0.00   
7.80    3.00    22.00   0.00    3.00    0.00    -1.00   0.00   
7.85    3.00    31.00   0.00    3.00    1.00    -1.00   0.00   
26.00   3.00    46.00   0.00    2.00    0.00    -1.00   0.00   
10.50   3.00    23.00   0.00    2.00    0.00    -1.00   0.00   
12.65   3.00    28.00   0.00    2.00    1.00    1.00    0.00   
7.92    3.00    39.00   0.00    3.00    0.00    1.00    0.00   
8.05    3.00    26.00   0.00    3.00    0.00    -1.00   0.00   
9.82    3.00    21.00   0.00    3.00    1.00    -1.00   1.00   
15.85   3.00    28.00   0.00    3.00    0.00    -1.00   1.00   
8.66    3.00    20.00   0.00    3.00    1.00    -1.00   0.00   
21.00   3.00    34.00   0.00    2.00    0.00    -1.00   1.00   
7.75    3.00    51.00   0.00    3.00    0.00    -1.00   0.00   
18.75   3.00    3.00    1.00    2.00    0.00    1.00    1.00   
7.78    3.00    21.00   0.00    3.00    0.00    -1.00   0.00   
25.47   3.00    0.00    1.00    3.00    1.00    -1.00   3.00   
7.90    3.00    0.00    0.00    3.00    0.00    -1.00   0.00   
6.86    2.00    0.00    0.00    3.00    0.00    -1.00   0.00   
90.00   2.00    33.00   0.00    1.00    1.00    1.00    1.00   
0.00    3.00    0.00    0.00    2.00    0.00    -1.00   0.00   
7.92    3.00    44.00   0.00    3.00    0.00    1.00    0.00   
8.05    3.00    0.00    0.00    3.00    1.00    -1.00   0.00   
32.50   3.00    34.00   1.00    2.00    1.00    1.00    1.00   
13.00   3.00    18.00   2.00    2.00    1.00    1.00    0.00   
13.00   3.00    30.00   0.00    2.00    0.00    -1.00   0.00   
24.15   3.00    10.00   2.00    3.00    1.00    -1.00   0.00   
7.90    1.00    0.00    0.00    3.00    0.00    -1.00   0.00   
7.73    2.00    21.00   0.00    3.00    0.00    -1.00   0.00   
7.88    3.00    29.00   0.00    3.00    0.00    -1.00   0.00   
14.40   3.00    28.00   1.00    3.00    1.00    -1.00   1.00   
20.21   3.00    18.00   1.00    3.00    0.00    -1.00   1.00   
7.25    3.00    0.00    0.00    3.00    0.00    -1.00   0.00   
26.00   3.00    28.00   0.00    2.00    1.00    1.00    1.00   
26.00   3.00    19.00   0.00    2.00    1.00    1.00    0.00   
7.75    2.00    0.00    0.00    3.00    0.00    -1.00   0.00   
8.05    3.00    32.00   0.00    3.00    0.00    1.00    0.00   
26.55   3.00    28.00   0.00    1.00    0.00    1.00    0.00   
16.10   3.00    0.00    0.00    3.00    1.00    1.00    1.00   
26.00   3.00    42.00   0.00    2.00    1.00    1.00    1.00   
7.12    3.00    17.00   0.00    3.00    0.00    -1.00   0.00   
55.90   3.00    50.00   0.00    1.00    0.00    -1.00   1.00   
120.00  3.00    14.00   2.00    1.00    1.00    1.00    1.00   
34.38   3.00    21.00   2.00    3.00    1.00    -1.00   2.00   
18.75   3.00    24.00   3.00    2.00    1.00    1.00    2.00   
263.00  3.00    64.00   4.00    1.00    0.00    -1.00   1.00   
10.50   3.00    31.00   0.00    2.00    0.00    -1.00   0.00   
26.25   3.00    45.00   1.00    2.00    1.00    1.00    1.00   
9.50    3.00    20.00   0.00    3.00    0.00    -1.00   0.00   
7.78    3.00    25.00   0.00    3.00    0.00    -1.00   1.00   
13.00   3.00    28.00   0.00    2.00    1.00    1.00    0.00   
8.11    3.00    0.00    0.00    3.00    0.00    1.00    0.00   
81.86   3.00    4.00    2.00    1.00    0.00    1.00    0.00   
19.50   3.00    13.00   1.00    2.00    1.00    1.00    0.00   
26.55   3.00    34.00   0.00    1.00    0.00    1.00    0.00   
19.26   1.00    5.00    1.00    3.00    1.00    1.00    2.00   
30.50   3.00    52.00   0.00    1.00    0.00    1.00    0.00   
27.75   3.00    36.00   2.00    2.00    0.00    -1.00   1.00   
19.97   3.00    0.00    0.00    3.00    0.00    -1.00   1.00   
27.75   1.00    30.00   0.00    1.00    0.00    -1.00   0.00   
89.10   1.00    49.00   0.00    1.00    0.00    1.00    1.00   
8.05    3.00    0.00    0.00    3.00    0.00    -1.00   0.00   
7.90    1.00    29.00   0.00    3.00    0.00    1.00    0.00   
26.55   3.00    65.00   0.00    1.00    0.00    -1.00   0.00   
51.86   3.00    0.00    0.00    1.00    1.00    1.00    1.00   
10.50   3.00    50.00   0.00    2.00    1.00    1.00    0.00   
7.75    2.00    0.00    0.00    3.00    0.00    -1.00   0.00   
26.55   3.00    48.00   0.00    1.00    0.00    1.00    0.00   
8.05    3.00    34.00   0.00    3.00    0.00    -1.00   0.00   
38.50   3.00    47.00   0.00    1.00    0.00    -1.00   0.00   
13.00   3.00    48.00   0.00    2.00    0.00    -1.00   0.00   
8.05    3.00    0.00    0.00    3.00    0.00    -1.00   0.00   
7.05    3.00    38.00   0.00    3.00    0.00    -1.00   0.00   
0.00    3.00    0.00    0.00    2.00    0.00    -1.00   0.00   
26.55   3.00    56.00   0.00    1.00    0.00    -1.00   0.00   
7.72    2.00    0.00    0.00    3.00    0.00    -1.00   0.00   
19.26   1.00    0.75    1.00    3.00    1.00    1.00    2.00   
7.25    3.00    0.00    0.00    3.00    0.00    -1.00   0.00   
8.66    3.00    38.00   0.00    3.00    0.00    -1.00   0.00   
27.75   3.00    33.00   2.00    2.00    1.00    1.00    1.00   
13.79   1.00    23.00   0.00    2.00    1.00    1.00    0.00   
9.84    3.00    22.00   0.00    3.00    1.00    -1.00   0.00   
52.00   3.00    0.00    0.00    1.00    0.00    -1.00   0.00   
21.00   3.00    34.00   0.00    2.00    0.00    -1.00   1.00   
7.05    3.00    29.00   0.00    3.00    0.00    -1.00   1.00   
7.52    3.00    22.00   0.00    3.00    0.00    -1.00   0.00   
12.29   3.00    2.00    1.00    3.00    1.00    1.00    0.00   
46.90   3.00    9.00    2.00    3.00    0.00    -1.00   5.00   
0.00    3.00    0.00    0.00    2.00    0.00    -1.00   0.00   
8.05    3.00    50.00   0.00    3.00    0.00    -1.00   0.00   
9.59    3.00    63.00   0.00    3.00    1.00    1.00    0.00   
91.08   1.00    25.00   0.00    1.00    0.00    1.00    1.00   
25.47   3.00    0.00    1.00    3.00    1.00    -1.00   3.00   
90.00   3.00    35.00   0.00    1.00    1.00    1.00    1.00   
29.70   1.00    58.00   0.00    1.00    0.00    -1.00   0.00   
8.05    3.00    30.00   0.00    3.00    0.00    -1.00   0.00   
15.90   3.00    9.00    1.00    3.00    0.00    1.00    1.00   
19.97   3.00    0.00    0.00    3.00    0.00    -1.00   1.00   
7.25    3.00    21.00   0.00    3.00    0.00    -1.00   0.00   
30.50   3.00    55.00   0.00    1.00    0.00    -1.00   0.00   
49.50   1.00    71.00   0.00    1.00    0.00    -1.00   0.00   
8.05    3.00    21.00   0.00    3.00    0.00    -1.00   0.00   
14.46   1.00    0.00    0.00    3.00    0.00    -1.00   0.00   
78.27   1.00    54.00   0.00    1.00    1.00    1.00    1.00   
15.10   3.00    0.00    0.00    3.00    0.00    -1.00   0.00   
151.55  3.00    25.00   2.00    1.00    1.00    -1.00   1.00   
7.80    3.00    24.00   0.00    3.00    0.00    -1.00   0.00   
8.66    3.00    17.00   0.00    3.00    0.00    -1.00   0.00   
7.75    2.00    21.00   0.00    3.00    1.00    -1.00   0.00   
7.63    2.00    0.00    0.00    3.00    1.00    -1.00   0.00   
9.59    3.00    37.00   0.00    3.00    1.00    -1.00   0.00   
86.50   3.00    16.00   0.00    1.00    1.00    1.00    0.00   
108.90  1.00    18.00   0.00    1.00    0.00    -1.00   1.00   
26.00   3.00    33.00   2.00    2.00    1.00    1.00    0.00   
26.55   3.00    0.00    0.00    1.00    0.00    1.00    0.00   
22.52   3.00    28.00   0.00    3.00    0.00    -1.00   0.00   
56.50   3.00    26.00   0.00    3.00    0.00    1.00    0.00   
7.75    2.00    29.00   0.00    3.00    0.00    1.00    0.00   
8.05    3.00    0.00    0.00    3.00    0.00    -1.00   0.00   
26.29   3.00    36.00   0.00    1.00    0.00    1.00    0.00   
59.40   1.00    54.00   0.00    1.00    1.00    1.00    1.00   
7.50    3.00    24.00   0.00    3.00    0.00    -1.00   0.00   
34.02   3.00    47.00   0.00    1.00    0.00    -1.00   0.00   
10.50   3.00    34.00   0.00    2.00    1.00    1.00    0.00   
24.15   2.00    0.00    0.00    3.00    0.00    -1.00   0.00   
26.00   3.00    36.00   0.00    2.00    1.00    1.00    1.00   
7.90    3.00    32.00   0.00    3.00    0.00    -1.00   0.00   
93.50   3.00    30.00   0.00    1.00    1.00    1.00    0.00   
7.90    3.00    22.00   0.00    3.00    0.00    -1.00   0.00   
7.22    1.00    0.00    0.00    3.00    0.00    -1.00   0.00   
57.98   1.00    44.00   1.00    1.00    1.00    1.00    0.00   
7.23    1.00    0.00    0.00    3.00    0.00    -1.00   0.00   
7.75    2.00    40.50   0.00    3.00    0.00    -1.00   0.00   
10.50   3.00    50.00   0.00    2.00    1.00    1.00    0.00   
221.78  3.00    0.00    0.00    1.00    0.00    -1.00   0.00   
7.92    3.00    39.00   0.00    3.00    0.00    -1.00   0.00   
11.50   3.00    23.00   1.00    2.00    0.00    -1.00   2.00   
26.00   3.00    2.00    1.00    2.00    1.00    1.00    1.00   
7.23    1.00    0.00    0.00    3.00    0.00    -1.00   0.00   
7.23    1.00    17.00   1.00    3.00    0.00    -1.00   1.00   
22.36   1.00    0.00    2.00    3.00    1.00    1.00    0.00   
8.66    3.00    30.00   0.00    3.00    1.00    -1.00   0.00   
26.25   3.00    7.00    2.00    2.00    1.00    1.00    0.00   
26.55   3.00    45.00   0.00    1.00    0.00    -1.00   0.00   
106.42  1.00    30.00   0.00    1.00    1.00    1.00    0.00   
14.50   3.00    0.00    0.00    3.00    0.00    -1.00   0.00   
49.50   1.00    22.00   2.00    1.00    1.00    1.00    0.00   
71.00   3.00    36.00   2.00    1.00    1.00    1.00    0.00   
31.27   3.00    9.00    2.00    3.00    1.00    -1.00   4.00   
31.27   3.00    11.00   2.00    3.00    1.00    -1.00   4.00   
26.00   3.00    32.00   0.00    2.00    0.00    1.00    1.00   
106.42  1.00    50.00   0.00    1.00    0.00    -1.00   1.00   
26.00   3.00    64.00   0.00    1.00    0.00    -1.00   0.00   
26.00   3.00    19.00   0.00    2.00    1.00    1.00    1.00   
13.86   1.00    0.00    0.00    2.00    0.00    1.00    0.00   
20.52   3.00    33.00   1.00    3.00    0.00    -1.00   1.00   
36.75   3.00    8.00    1.00    2.00    0.00    1.00    1.00   
110.88  1.00    17.00   2.00    1.00    0.00    1.00    0.00   
26.00   3.00    27.00   0.00    2.00    0.00    -1.00   0.00   
7.83    2.00    0.00    0.00    3.00    0.00    -1.00   0.00   
7.22    1.00    22.00   0.00    3.00    0.00    1.00    0.00   
7.78    3.00    22.00   0.00    3.00    1.00    1.00    0.00   
26.55   3.00    62.00   0.00    1.00    0.00    -1.00   0.00   
39.60   1.00    48.00   0.00    1.00    1.00    1.00    1.00   
227.53  1.00    0.00    0.00    1.00    0.00    -1.00   0.00   
79.65   3.00    39.00   1.00    1.00    1.00    1.00    1.00   
17.40   3.00    36.00   0.00    3.00    1.00    1.00    1.00   
7.75    2.00    0.00    0.00    3.00    0.00    -1.00   0.00   
7.90    3.00    40.00   0.00    3.00    0.00    -1.00   0.00   
13.50   3.00    28.00   0.00    2.00    0.00    -1.00   0.00   
8.05    3.00    0.00    0.00    3.00    0.00    -1.00   0.00   
8.05    3.00    0.00    0.00    3.00    1.00    -1.00   0.00   
24.15   3.00    24.00   0.00    3.00    0.00    -1.00   2.00   
7.90    3.00    19.00   0.00    3.00    0.00    -1.00   0.00   
21.07   3.00    29.00   4.00    3.00    1.00    -1.00   0.00   
7.23    1.00    0.00    0.00    3.00    0.00    -1.00   0.00   
7.85    3.00    32.00   0.00    3.00    0.00    1.00    0.00   
10.50   3.00    62.00   0.00    2.00    0.00    1.00    0.00   
51.48   3.00    53.00   0.00    1.00    1.00    1.00    2.00   
26.39   3.00    36.00   0.00    1.00    0.00    1.00    0.00   
7.75    2.00    0.00    0.00    3.00    1.00    1.00    0.00   
8.05    3.00    16.00   0.00    3.00    0.00    -1.00   0.00   
14.50   3.00    19.00   0.00    3.00    0.00    -1.00   0.00   
13.00   3.00    34.00   0.00    2.00    1.00    1.00    0.00   
55.90   3.00    39.00   0.00    1.00    1.00    1.00    1.00   
14.46   1.00    0.00    0.00    3.00    1.00    -1.00   1.00   
7.92    3.00    32.00   0.00    3.00    0.00    1.00    0.00   
30.00   3.00    25.00   1.00    2.00    1.00    1.00    1.00   
110.88  1.00    39.00   1.00    1.00    1.00    1.00    1.00   
26.00   3.00    54.00   0.00    2.00    0.00    -1.00   0.00   
40.12   1.00    36.00   0.00    1.00    0.00    -1.00   0.00   
8.71    1.00    0.00    0.00    3.00    0.00    -1.00   0.00   
79.65   3.00    18.00   2.00    1.00    1.00    1.00    0.00   
15.00   3.00    47.00   0.00    2.00    0.00    -1.00   0.00   
79.20   1.00    60.00   1.00    1.00    0.00    1.00    1.00   
8.05    3.00    22.00   0.00    3.00    0.00    -1.00   0.00   
8.05    3.00    0.00    0.00    3.00    0.00    -1.00   0.00   
7.12    3.00    35.00   0.00    3.00    0.00    -1.00   0.00   
78.27   1.00    52.00   0.00    1.00    1.00    1.00    1.00   
7.25    3.00    47.00   0.00    3.00    0.00    -1.00   0.00   
7.75    2.00    0.00    2.00    3.00    1.00    -1.00   0.00   
26.00   3.00    37.00   0.00    2.00    0.00    -1.00   1.00   
24.15   3.00    36.00   1.00    3.00    0.00    -1.00   1.00   
33.00   3.00    0.00    0.00    2.00    1.00    1.00    0.00   
0.00    3.00    49.00   0.00    3.00    0.00    -1.00   0.00   
7.22    1.00    0.00    0.00    3.00    0.00    -1.00   0.00   
56.93   1.00    49.00   0.00    1.00    0.00    1.00    1.00   
27.00   3.00    24.00   1.00    2.00    1.00    1.00    2.00   
7.90    3.00    0.00    0.00    3.00    0.00    -1.00   0.00   
42.40   3.00    0.00    0.00    1.00    0.00    -1.00   0.00   
8.05    3.00    44.00   0.00    3.00    0.00    -1.00   0.00   
26.55   1.00    35.00   0.00    1.00    0.00    1.00    0.00   
15.55   3.00    36.00   0.00    3.00    0.00    -1.00   1.00   
7.90    3.00    30.00   0.00    3.00    0.00    -1.00   0.00   
30.50   3.00    27.00   0.00    1.00    0.00    1.00    0.00   
41.58   1.00    22.00   2.00    2.00    1.00    1.00    1.00   
153.46  3.00    40.00   0.00    1.00    1.00    1.00    0.00   
31.27   3.00    39.00   5.00    3.00    1.00    -1.00   1.00   
7.05    3.00    0.00    0.00    3.00    0.00    -1.00   0.00   
15.50   2.00    0.00    0.00    3.00    1.00    1.00    1.00   
7.75    2.00    0.00    0.00    3.00    0.00    -1.00   0.00   
8.05    3.00    35.00   0.00    3.00    0.00    -1.00   0.00   
65.00   3.00    24.00   2.00    2.00    1.00    1.00    1.00   
14.40   3.00    34.00   1.00    3.00    0.00    -1.00   1.00   
16.10   3.00    26.00   0.00    3.00    1.00    -1.00   1.00   
39.00   3.00    4.00    1.00    2.00    1.00    1.00    2.00   
10.50   3.00    26.00   0.00    2.00    0.00    -1.00   0.00   
14.45   1.00    27.00   0.00    3.00    0.00    -1.00   1.00   
52.55   3.00    42.00   0.00    1.00    0.00    1.00    1.00   
15.74   1.00    20.00   1.00    3.00    0.00    1.00    1.00   
7.85    3.00    21.00   0.00    3.00    0.00    -1.00   0.00   
16.10   3.00    21.00   0.00    3.00    0.00    -1.00   0.00   
32.32   3.00    61.00   0.00    1.00    0.00    -1.00   0.00   
12.35   2.00    57.00   0.00    2.00    0.00    -1.00   0.00   
77.96   3.00    21.00   0.00    1.00    1.00    1.00    0.00   
7.90    3.00    26.00   0.00    3.00    0.00    -1.00   0.00   
7.73    2.00    0.00    0.00    3.00    0.00    -1.00   0.00   
30.00   3.00    80.00   0.00    1.00    0.00    1.00    0.00   
7.05    3.00    51.00   0.00    3.00    0.00    -1.00   0.00   
30.50   1.00    32.00   0.00    1.00    0.00    1.00    0.00   
0.00    3.00    0.00    0.00    1.00    0.00    -1.00   0.00   
27.90   3.00    9.00    2.00    3.00    1.00    -1.00   3.00   
13.00   3.00    28.00   0.00    2.00    1.00    1.00    0.00   
7.92    3.00    32.00   0.00    3.00    0.00    -1.00   0.00   
26.25   3.00    31.00   1.00    2.00    0.00    -1.00   1.00   
39.69   3.00    41.00   5.00    3.00    1.00    -1.00   0.00   
16.10   3.00    0.00    0.00    3.00    0.00    -1.00   1.00   
7.85    3.00    20.00   0.00    3.00    0.00    -1.00   0.00   
69.30   1.00    24.00   0.00    1.00    1.00    1.00    0.00   
27.90   3.00    2.00    2.00    3.00    1.00    -1.00   3.00   
56.50   3.00    0.00    0.00    3.00    0.00    1.00    0.00   
19.26   1.00    0.75    1.00    3.00    1.00    1.00    2.00   
76.73   1.00    48.00   0.00    1.00    0.00    1.00    1.00   
7.90    3.00    19.00   0.00    3.00    0.00    -1.00   0.00   
35.50   1.00    56.00   0.00    1.00    0.00    1.00    0.00   
7.55    3.00    0.00    0.00    3.00    0.00    -1.00   0.00   
7.55    3.00    23.00   0.00    3.00    1.00    1.00    0.00   
7.90    3.00    0.00    0.00    3.00    0.00    -1.00   0.00   
23.00   3.00    18.00   1.00    2.00    1.00    1.00    0.00   
8.43    3.00    21.00   0.00    3.00    0.00    -1.00   0.00   
7.83    2.00    0.00    0.00    3.00    1.00    1.00    0.00   
6.75    2.00    18.00   0.00    3.00    1.00    -1.00   0.00   
73.50   3.00    24.00   0.00    2.00    0.00    -1.00   2.00   
7.90    3.00    0.00    0.00    3.00    0.00    -1.00   0.00   
15.50   2.00    32.00   1.00    3.00    1.00    -1.00   1.00   
13.00   3.00    23.00   0.00    2.00    0.00    -1.00   0.00   
113.28  1.00    58.00   2.00    1.00    0.00    -1.00   0.00   
133.65  3.00    50.00   0.00    1.00    0.00    1.00    2.00   
7.22    1.00    40.00   0.00    3.00    0.00    -1.00   0.00   
25.59   3.00    47.00   0.00    1.00    0.00    -1.00   0.00   
7.50    3.00    36.00   0.00    3.00    0.00    -1.00   0.00   
7.92    3.00    20.00   0.00    3.00    0.00    1.00    1.00   
73.50   3.00    32.00   0.00    2.00    0.00    -1.00   2.00   
13.00   3.00    25.00   0.00    2.00    0.00    -1.00   0.00   
7.78    3.00    0.00    0.00    3.00    0.00    -1.00   0.00   
8.05    3.00    43.00   0.00    3.00    0.00    -1.00   0.00   
52.00   3.00    0.00    0.00    1.00    1.00    1.00    1.00   
39.00   3.00    40.00   1.00    2.00    1.00    1.00    1.00   
52.00   3.00    31.00   0.00    1.00    0.00    -1.00   1.00   
10.50   3.00    70.00   0.00    2.00    0.00    -1.00   0.00   
13.00   3.00    31.00   0.00    2.00    0.00    1.00    0.00   
0.00    3.00    0.00    0.00    2.00    0.00    -1.00   0.00   
7.78    3.00    18.00   0.00    3.00    0.00    -1.00   0.00   
8.05    3.00    24.50   0.00    3.00    0.00    -1.00   0.00   
9.84    3.00    18.00   0.00    3.00    1.00    1.00    0.00   
46.90   3.00    43.00   6.00    3.00    1.00    -1.00   1.00   
512.33  1.00    36.00   1.00    1.00    0.00    1.00    0.00   
8.14    2.00    0.00    0.00    3.00    1.00    -1.00   0.00   
76.73   1.00    27.00   0.00    1.00    0.00    1.00    0.00   
9.22    3.00    20.00   0.00    3.00    0.00    -1.00   0.00   
46.90   3.00    14.00   2.00    3.00    0.00    -1.00   5.00   
39.00   3.00    60.00   1.00    2.00    0.00    -1.00   1.00   
41.58   1.00    25.00   2.00    2.00    0.00    -1.00   1.00   
39.69   3.00    14.00   1.00    3.00    0.00    -1.00   4.00   
10.17   3.00    19.00   0.00    3.00    0.00    -1.00   0.00   
7.80    3.00    18.00   0.00    3.00    0.00    -1.00   0.00   
211.34  3.00    15.00   1.00    1.00    1.00    1.00    0.00   
57.00   3.00    31.00   0.00    1.00    0.00    1.00    1.00   
13.42   1.00    4.00    1.00    3.00    1.00    1.00    0.00   
56.50   3.00    0.00    0.00    3.00    0.00    1.00    0.00   
7.22    1.00    25.00   0.00    3.00    0.00    -1.00   0.00   
26.55   3.00    60.00   0.00    1.00    0.00    -1.00   0.00   
13.50   3.00    52.00   0.00    2.00    0.00    -1.00   0.00   
8.05    3.00    44.00   0.00    3.00    0.00    -1.00   0.00   
7.73    2.00    0.00    0.00    3.00    1.00    1.00    0.00   
110.88  1.00    49.00   1.00    1.00    0.00    -1.00   1.00   
7.65    3.00    42.00   0.00    3.00    0.00    -1.00   0.00   
227.53  1.00    18.00   0.00    1.00    1.00    1.00    1.00   
26.29   3.00    35.00   0.00    1.00    0.00    1.00    0.00   
14.45   1.00    18.00   1.00    3.00    1.00    -1.00   0.00   
7.74    2.00    25.00   0.00    3.00    0.00    -1.00   0.00   
7.85    3.00    26.00   0.00    3.00    0.00    -1.00   1.00   
26.00   3.00    39.00   0.00    2.00    0.00    -1.00   0.00   
13.50   3.00    45.00   0.00    2.00    1.00    1.00    0.00   
26.29   3.00    42.00   0.00    1.00    0.00    1.00    0.00   
151.55  3.00    22.00   0.00    1.00    1.00    1.00    0.00   
15.25   1.00    0.00    1.00    3.00    0.00    1.00    1.00   
49.50   1.00    24.00   0.00    1.00    1.00    1.00    0.00   
26.55   3.00    0.00    0.00    1.00    0.00    -1.00   0.00   
52.00   3.00    48.00   0.00    1.00    0.00    1.00    1.00   
9.48    3.00    29.00   0.00    3.00    0.00    -1.00   0.00   
13.00   3.00    52.00   0.00    2.00    0.00    -1.00   0.00   
7.65    3.00    19.00   0.00    3.00    0.00    -1.00   0.00   
227.53  1.00    38.00   0.00    1.00    1.00    1.00    0.00   
10.50   3.00    27.00   0.00    2.00    1.00    1.00    0.00   
15.50   2.00    0.00    0.00    3.00    0.00    -1.00   0.00   
7.78    3.00    33.00   0.00    3.00    0.00    -1.00   0.00   
33.00   3.00    6.00    1.00    2.00    1.00    1.00    0.00   
7.05    3.00    17.00   0.00    3.00    0.00    -1.00   1.00   
13.00   3.00    34.00   0.00    2.00    0.00    -1.00   0.00   
13.00   3.00    50.00   0.00    2.00    0.00    -1.00   0.00   
53.10   3.00    27.00   0.00    1.00    0.00    1.00    1.00   
8.66    3.00    20.00   0.00    3.00    0.00    -1.00   0.00   
21.00   3.00    30.00   0.00    2.00    1.00    1.00    3.00   
7.74    2.00    0.00    0.00    3.00    1.00    1.00    0.00   
26.00   3.00    25.00   0.00    2.00    0.00    -1.00   1.00   
7.92    3.00    25.00   0.00    3.00    1.00    -1.00   1.00   
211.34  3.00    29.00   0.00    1.00    1.00    1.00    0.00   
18.79   1.00    11.00   0.00    3.00    0.00    -1.00   0.00   
0.00    3.00    0.00    0.00    2.00    0.00    -1.00   0.00   
13.00   3.00    23.00   0.00    2.00    0.00    -1.00   0.00   
13.00   3.00    23.00   0.00    2.00    0.00    -1.00   0.00   
16.10   3.00    28.50   0.00    3.00    0.00    -1.00   0.00   
34.38   3.00    48.00   3.00    3.00    1.00    -1.00   1.00   
512.33  1.00    35.00   0.00    1.00    0.00    1.00    0.00   
7.90    3.00    0.00    0.00    3.00    0.00    -1.00   0.00   
7.90    3.00    0.00    0.00    3.00    0.00    -1.00   0.00   
30.00   3.00    0.00    0.00    1.00    0.00    1.00    0.00   
78.85   3.00    36.00   0.00    1.00    0.00    -1.00   1.00   
262.38  1.00    21.00   2.00    1.00    1.00    1.00    2.00   
16.10   3.00    24.00   0.00    3.00    0.00    -1.00   1.00   
7.92    3.00    31.00   0.00    3.00    0.00    1.00    0.00   
71.00   3.00    70.00   1.00    1.00    0.00    -1.00   1.00   
20.25   3.00    16.00   1.00    3.00    0.00    -1.00   1.00   
13.00   3.00    30.00   0.00    2.00    1.00    1.00    0.00   
53.10   3.00    19.00   0.00    1.00    0.00    -1.00   1.00   
7.75    2.00    31.00   0.00    3.00    0.00    -1.00   0.00   
23.00   3.00    4.00    1.00    2.00    1.00    1.00    1.00   
12.47   3.00    6.00    1.00    3.00    0.00    1.00    0.00   
9.50    3.00    33.00   0.00    3.00    0.00    -1.00   0.00   
7.90    3.00    23.00   0.00    3.00    0.00    -1.00   0.00   
65.00   3.00    48.00   2.00    2.00    1.00    1.00    1.00   
14.50   3.00    0.67    1.00    2.00    0.00    1.00    1.00   
7.80    3.00    28.00   0.00    3.00    0.00    -1.00   0.00   
11.50   3.00    18.00   0.00    2.00    0.00    -1.00   0.00   
8.05    3.00    34.00   0.00    3.00    0.00    -1.00   0.00   
86.50   3.00    33.00   0.00    1.00    1.00    1.00    0.00   
14.50   3.00    0.00    0.00    3.00    0.00    -1.00   0.00   
7.12    3.00    41.00   0.00    3.00    0.00    -1.00   0.00   
7.23    1.00    20.00   0.00    3.00    0.00    1.00    0.00   
120.00  3.00    36.00   2.00    1.00    1.00    1.00    1.00   
7.78    3.00    16.00   0.00    3.00    0.00    -1.00   0.00   
77.96   3.00    51.00   0.00    1.00    1.00    1.00    1.00   
39.60   1.00    0.00    0.00    1.00    0.00    -1.00   0.00   
7.75    2.00    30.50   0.00    3.00    1.00    -1.00   0.00   
24.15   2.00    0.00    0.00    3.00    0.00    -1.00   1.00   
8.36    3.00    32.00   0.00    3.00    0.00    -1.00   0.00   
9.50    3.00    24.00   0.00    3.00    0.00    -1.00   0.00   
7.85    3.00    48.00   0.00    3.00    0.00    -1.00   0.00   
10.50   3.00    57.00   0.00    2.00    1.00    -1.00   0.00   
7.22    1.00    0.00    0.00    3.00    0.00    -1.00   0.00   
23.00   3.00    54.00   3.00    2.00    1.00    1.00    1.00   
7.75    3.00    18.00   0.00    3.00    0.00    -1.00   0.00   
7.75    2.00    0.00    0.00    3.00    0.00    -1.00   0.00   
12.47   3.00    5.00    0.00    3.00    1.00    1.00    0.00   
7.74    2.00    0.00    0.00    3.00    0.00    -1.00   0.00   
211.34  3.00    43.00   1.00    1.00    1.00    1.00    0.00   
7.23    1.00    13.00   0.00    3.00    1.00    1.00    0.00   
57.00   3.00    17.00   0.00    1.00    1.00    1.00    1.00   
30.00   3.00    29.00   0.00    1.00    0.00    -1.00   0.00   
23.45   3.00    0.00    2.00    3.00    0.00    -1.00   1.00   
7.05    3.00    25.00   0.00    3.00    0.00    -1.00   0.00   
7.25    3.00    25.00   0.00    3.00    0.00    -1.00   0.00   
7.50    3.00    18.00   0.00    3.00    1.00    1.00    0.00   
29.12   2.00    8.00    1.00    3.00    0.00    -1.00   4.00   
20.57   3.00    1.00    2.00    3.00    0.00    1.00    1.00   
79.20   1.00    46.00   0.00    1.00    0.00    -1.00   0.00   
7.75    2.00    0.00    0.00    3.00    0.00    -1.00   0.00   
26.00   3.00    16.00   0.00    2.00    0.00    -1.00   0.00   
69.55   3.00    0.00    2.00    3.00    1.00    -1.00   8.00   
30.70   1.00    0.00    0.00    1.00    0.00    -1.00   0.00   
7.90    3.00    25.00   0.00    3.00    0.00    -1.00   0.00   
13.00   3.00    39.00   0.00    2.00    0.00    -1.00   0.00   
25.93   3.00    49.00   0.00    1.00    1.00    1.00    0.00   
8.68    3.00    31.00   0.00    3.00    1.00    1.00    0.00   
7.23    1.00    30.00   0.00    3.00    0.00    -1.00   0.00   
24.15   3.00    30.00   1.00    3.00    1.00    -1.00   1.00   
13.00   3.00    34.00   0.00    2.00    0.00    -1.00   0.00   
26.25   3.00    31.00   1.00    2.00    1.00    1.00    1.00   
120.00  3.00    11.00   2.00    1.00    0.00    1.00    1.00   
8.52    1.00    0.42    1.00    3.00    0.00    1.00    0.00   
6.97    3.00    27.00   0.00    3.00    0.00    1.00    0.00   
7.78    3.00    31.00   0.00    3.00    0.00    -1.00   0.00   
0.00    3.00    39.00   0.00    1.00    0.00    -1.00   0.00   
7.78    3.00    18.00   0.00    3.00    1.00    -1.00   0.00   
13.00   3.00    39.00   0.00    2.00    0.00    -1.00   0.00   
53.10   3.00    33.00   0.00    1.00    1.00    1.00    1.00   
7.89    3.00    26.00   0.00    3.00    0.00    -1.00   0.00   
24.15   3.00    39.00   0.00    3.00    0.00    -1.00   0.00   
10.50   3.00    35.00   0.00    2.00    0.00    -1.00   0.00   
31.27   3.00    6.00    2.00    3.00    1.00    -1.00   4.00   
8.05    3.00    30.50   0.00    3.00    0.00    -1.00   0.00   
0.00    3.00    0.00    0.00    1.00    0.00    -1.00   0.00   
7.92    3.00    23.00   0.00    3.00    1.00    -1.00   0.00   
37.00   1.00    31.00   1.00    2.00    0.00    -1.00   1.00   
6.45    3.00    43.00   0.00    3.00    0.00    -1.00   0.00   
27.90   3.00    10.00   2.00    3.00    0.00    -1.00   3.00   
93.50   3.00    52.00   1.00    1.00    1.00    1.00    1.00   
8.66    3.00    27.00   0.00    3.00    0.00    1.00    0.00   
0.00    3.00    38.00   0.00    1.00    0.00    -1.00   0.00   
12.47   3.00    27.00   1.00    3.00    1.00    1.00    0.00   
39.69   3.00    2.00    1.00    3.00    0.00    -1.00   4.00   
6.95    2.00    0.00    0.00    3.00    0.00    -1.00   0.00   
56.50   3.00    0.00    0.00    3.00    0.00    -1.00   0.00   
37.00   1.00    1.00    2.00    2.00    0.00    1.00    0.00   
7.75    2.00    0.00    0.00    3.00    0.00    1.00    0.00   
14.45   1.00    15.00   0.00    3.00    1.00    1.00    1.00   
18.75   3.00    0.83    1.00    2.00    0.00    1.00    1.00   
7.23    1.00    0.00    0.00    3.00    0.00    -1.00   0.00   
7.85    3.00    23.00   0.00    3.00    0.00    -1.00   0.00   
8.30    3.00    18.00   0.00    3.00    0.00    -1.00   0.00   
83.16   1.00    39.00   1.00    1.00    1.00    1.00    1.00   
8.66    3.00    21.00   0.00    3.00    0.00    -1.00   0.00   
8.05    3.00    0.00    0.00    3.00    0.00    -1.00   0.00   
56.50   3.00    32.00   0.00    3.00    0.00    1.00    0.00   
29.70   1.00    0.00    0.00    1.00    0.00    1.00    0.00   
7.92    3.00    20.00   0.00    3.00    0.00    -1.00   0.00   
10.50   3.00    16.00   0.00    2.00    0.00    -1.00   0.00   
31.00   1.00    30.00   0.00    1.00    1.00    1.00    0.00   
6.44    1.00    34.50   0.00    3.00    0.00    -1.00   0.00   
8.66    3.00    17.00   0.00    3.00    0.00    -1.00   0.00   
7.55    3.00    42.00   0.00    3.00    0.00    -1.00   0.00   
69.55   3.00    0.00    2.00    3.00    0.00    -1.00   8.00   
7.90    1.00    35.00   0.00    3.00    0.00    -1.00   0.00   
33.00   3.00    28.00   1.00    2.00    0.00    -1.00   0.00   
89.10   1.00    0.00    0.00    1.00    1.00    1.00    1.00   
31.27   3.00    4.00    2.00    3.00    0.00    -1.00   4.00   
7.78    3.00    74.00   0.00    3.00    0.00    -1.00   0.00   
15.25   1.00    9.00    1.00    3.00    1.00    -1.00   1.00   
39.40   3.00    16.00   1.00    1.00    1.00    1.00    0.00   
26.00   3.00    44.00   0.00    2.00    1.00    -1.00   1.00   
9.35    3.00    18.00   1.00    3.00    1.00    1.00    0.00   
164.87  3.00    45.00   1.00    1.00    1.00    1.00    1.00   
26.55   3.00    51.00   0.00    1.00    0.00    1.00    0.00   
19.26   1.00    24.00   3.00    3.00    1.00    1.00    0.00   
7.23    1.00    0.00    0.00    3.00    0.00    -1.00   0.00   
14.11   3.00    41.00   0.00    3.00    0.00    -1.00   2.00   
11.50   3.00    21.00   0.00    2.00    0.00    -1.00   1.00   
25.93   3.00    48.00   0.00    1.00    1.00    1.00    0.00   
69.55   3.00    0.00    2.00    3.00    1.00    -1.00   8.00   
13.00   3.00    24.00   0.00    2.00    0.00    -1.00   0.00   
13.00   3.00    42.00   0.00    2.00    1.00    1.00    0.00   
13.86   1.00    27.00   0.00    2.00    1.00    1.00    1.00   
50.50   3.00    31.00   0.00    1.00    0.00    -1.00   0.00   
9.50    3.00    0.00    0.00    3.00    0.00    -1.00   0.00   
11.13   3.00    4.00    1.00    3.00    0.00    1.00    1.00   
7.90    3.00    26.00   0.00    3.00    0.00    -1.00   0.00   
52.55   3.00    47.00   1.00    1.00    1.00    1.00    1.00   
5.00    3.00    33.00   0.00    1.00    0.00    -1.00   0.00   
9.00    3.00    47.00   0.00    3.00    0.00    -1.00   0.00   
24.00   1.00    28.00   0.00    2.00    1.00    1.00    1.00   
7.22    1.00    15.00   0.00    3.00    1.00    1.00    0.00   
9.85    3.00    20.00   0.00    3.00    0.00    -1.00   0.00   
7.90    3.00    19.00   0.00    3.00    0.00    -1.00   0.00   
7.90    3.00    0.00    0.00    3.00    0.00    -1.00   0.00   
83.16   1.00    56.00   1.00    1.00    1.00    1.00    0.00   
26.00   3.00    25.00   1.00    2.00    1.00    1.00    0.00   
7.90    3.00    33.00   0.00    3.00    0.00    -1.00   0.00   
10.52   3.00    22.00   0.00    3.00    1.00    -1.00   0.00   
10.50   3.00    28.00   0.00    2.00    0.00    -1.00   0.00   
7.05    3.00    25.00   0.00    3.00    0.00    -1.00   0.00   
29.12   2.00    39.00   5.00    3.00    1.00    -1.00   0.00   
13.00   3.00    27.00   0.00    2.00    0.00    -1.00   0.00   
30.00   3.00    19.00   0.00    1.00    1.00    1.00    0.00   
23.45   3.00    0.00    2.00    3.00    1.00    -1.00   1.00   
30.00   1.00    26.00   0.00    1.00    0.00    1.00    0.00   
7.75    2.00    32.00   0.00    3.00    0.00    -1.00   0.00   
